0.948486 -45878.108738
1.809894 -45766.859035
5.049535 -45766.807044
9.036849 -45719.613664
13.030654 -45718.614960
17.218191 -45717.641331
21.422059 -45717.229289
25.653523 -45716.926130
30.013947 -45716.138516
34.813039 -45716.138516
40.341770 -45715.320156
45.723373 -45715.186142
50.947612 -45715.113255
56.036381 -45715.113255
61.895919 -45712.991484
68.414903 -45711.872203
74.244273 -45711.220754
79.661475 -45711.157009
85.228943 -45710.150569
90.402105 -45708.951486
95.449766 -45708.951486
101.186670 -45708.951486
107.502216 -45708.951486
111.581143 -45708.951486
