0.960222 -45878.108738
1.841133 -45766.859035
5.168301 -45766.807044
9.231042 -45719.613664
13.180408 -45718.614960
17.234709 -45717.641331
21.363263 -45717.229289
25.500794 -45716.926130
29.792013 -45716.138516
34.461570 -45716.138516
39.835777 -45715.320156
45.066027 -45715.186142
50.113678 -45715.113255
55.026752 -45715.113255
60.610067 -45712.991484
66.885545 -45711.872203
72.455873 -45711.220754
77.693921 -45711.157009
82.987655 -45710.150569
87.981844 -45708.951486
92.875629 -45708.951486
98.502073 -45708.951486
104.610714 -45708.951486
108.677002 -45708.951486
