0.891284 -45902.795072
1.821088 -45800.135622
4.375737 -45762.692122
8.260976 -45757.217539
13.337349 -45757.209107
18.987888 -45719.144932
24.479681 -45709.563742
30.005033 -45708.933481
35.487384 -45705.213122
40.886337 -45704.501042
46.375411 -45703.883104
51.746000 -45703.723519
57.253673 -45702.560860
63.265621 -45702.560860
68.404111 -45701.839666
73.434048 -45701.713018
78.292732 -45701.635258
82.914107 -45701.635258
87.795426 -45701.635258
93.502288 -45701.635258
97.939242 -45701.635258
