0.935076 -45901.848814
1.887893 -45799.239497
4.423712 -45761.785769
8.342747 -45756.332020
13.471908 -45756.324424
19.146801 -45724.953241
25.053958 -45715.392993
30.938006 -45712.105481
36.662899 -45710.950085
42.606303 -45706.506221
48.481501 -45705.357065
54.096515 -45705.316959
59.840514 -45704.704559
65.524132 -45704.538706
71.424680 -45703.870705
77.612813 -45703.870705
82.643577 -45703.138339
87.732060 -45702.860861
93.194858 -45702.860851
98.451370 -45702.860851
104.363663 -45702.860851
109.026300 -45702.860851
