1.008664 -45812.145648
1.952113 -45732.774205
5.562450 -45732.747654
9.670039 -45719.366744
13.649559 -45717.746687
17.762173 -45712.736345
22.223620 -45712.112532
26.227695 -45711.550034
30.207125 -45711.115713
34.460047 -45710.660584
38.761430 -45710.407183
42.902809 -45710.375640
47.282107 -45710.375640
52.685296 -45705.182553
58.027722 -45704.992161
63.330850 -45704.411815
68.254593 -45704.411815
74.027644 -45703.279109
80.192329 -45703.279109
86.720751 -45703.279109
93.228379 -45703.279109
97.613749 -45703.279109
