0.906808 -45902.795072
1.818045 -45800.135622
4.342736 -45762.692122
8.282322 -45757.217539
13.436698 -45757.209107
18.902027 -45719.144932
24.236574 -45709.563742
29.550145 -45708.933481
34.812949 -45705.213122
39.992976 -45704.501042
45.279093 -45703.883104
50.426714 -45703.723519
55.638601 -45702.560860
61.340145 -45702.560860
66.041965 -45701.839666
70.626632 -45701.713018
75.260248 -45701.635258
79.811669 -45701.635258
84.621490 -45701.635258
90.216072 -45701.635258
94.617389 -45701.635258
