0.356350 -20936.443975
0.923242 -20821.237820
2.291579 -20820.559775
5.066480 -20140.206938
9.684271 -20111.792047
14.328720 -20106.254421
19.047953 -20105.581777
24.176761 -20103.277248
28.874374 -20102.662292
33.610198 -20102.266258
38.724875 -20101.469551
43.690002 -20100.647622
48.698972 -20099.503015
53.724166 -20097.649191
58.577863 -20097.467627
63.476683 -20097.291036
68.377904 -20097.273256
73.370946 -20097.273256
78.399633 -20097.273256
83.415718 -20097.273256
88.959703 -20097.273256
93.997379 -20097.273256
