0.479434 -50458.106774
1.494080 -50274.616386
6.052277 -48740.445846
12.365842 -48703.678715
18.320633 -48702.768837
24.254317 -48701.473604
29.940991 -48701.148786
35.233648 -48701.070608
41.011658 -48701.022508
47.067640 -48676.705695
54.516678 -48674.277591
61.731892 -48673.520829
68.828583 -48673.520829
76.842464 -48672.931757
86.625001 -48672.249815
94.849972 -48672.103140
102.520898 -48671.907630
110.631221 -48671.726903
117.746335 -48671.726903
125.826116 -48671.578430
135.235403 -48671.391528
143.217535 -48671.391528
151.112975 -48671.391528
162.148511 -48671.391528
176.059036 -48671.391528
