0.241967 -41332.345087
0.751508 -41193.368601
2.909632 -39794.183565
6.836105 -39760.382609
10.856121 -39759.031281
14.873460 -39758.705174
18.955400 -39758.493527
22.929291 -39756.444184
26.862646 -39756.083425
30.964354 -39752.158370
34.892686 -39751.440437
38.836061 -39751.239216
42.928596 -39749.393296
46.788552 -39749.323153
50.812617 -39749.323153
55.585391 -39749.323153
60.872365 -39748.198750
66.152051 -39748.198750
71.902129 -39748.198750
77.221896 -39748.198750
80.820977 -39748.198750
