0.440928 -48531.403608
0.876766 -48474.040775
2.352812 -48474.034116
4.341058 -48429.681290
6.197935 -48428.841044
8.039019 -48428.038262
9.889900 -48427.926457
11.973026 -48427.926457
14.570603 -48423.481515
17.063422 -48423.481515
19.574105 -48422.246274
22.481466 -48422.246274
25.178097 -48422.246274
27.997343 -48416.062869
31.279636 -48410.215893
34.083955 -48409.403366
36.533120 -48409.113234
38.919846 -48409.025101
41.310857 -48409.025101
44.124535 -48409.025101
47.001657 -48409.025101
48.488107 -48409.025101
