BB11005, 
BB11005, 0.272727272727, 0.272727272727, 0.272727272727
BB11005, 0.272727272727, 0.272727272727, 0.272727272727
BB11018, 0.454545454545, 0.454545454545, 0.454545454545
BB11030, 0.545454545455, 0.545454545455, 0.545454545455
BB11031, 0.625, 0.625, 0.625
BB11033, 0.5, 0.5, 0.5
BB12001, 0.0, 0.0, 0.0
BB12004, 0.75, 0.75, 0.75
BB12008, 0.6, 0.6, 0.6
BB12011, 0.222222222222, 0.222222222222, 0.222222222222
BB12015, 0.0, 0.0, 0.0
BB12026, 0.266666666667, 0.266666666667, 0.266666666667
BB12027, 0.3, 0.3, 0.3
BB12029, 0.444444444444, 0.444444444444, 0.444444444444
BB12035, 0.291666666667, 0.291666666667, 0.291666666667
BB12037, 0.7, 0.7, 0.7
BB12039, 0.375, 0.375, 0.375
BB12043, 0.322580645161, 0.322580645161, 0.322580645161
BB12044, 0.5, 0.5, 0.5
BB20001, 0.538461538462, 0.538461538462, 0.538461538462
BB20002, 0.411764705882, 0.411764705882, 0.411764705882
BB20003, 0.211267605634, 0.211267605634, 0.211267605634
BB20004, 0.153846153846, 0.153846153846, 0.153846153846
BB20005, 0.25641025641, 0.25641025641, 0.25641025641
BB20006, 0.145833333333, 0.145833333333, 0.145833333333
BB20007, 0.45, 0.45, 0.45
BB20008, 0.471698113208, 0.471698113208, 0.471698113208
BB20009, 0.0, 0.0, 0.0
BB20010, 0.346153846154, 0.346153846154, 0.346153846154
BB20011, 0.111111111111, 0.111111111111, 0.111111111111
BB20012, 0.291666666667, 0.291666666667, 0.291666666667
BB20013, 0.28, 0.28, 0.28
BB20014, 0.258064516129, 0.258064516129, 0.258064516129
BB20015, 0.441176470588, 0.441176470588, 0.441176470588
BB20016, 0.666666666667, 0.666666666667, 0.666666666667
BB20017, 0.0714285714286, 0.0714285714286, 0.0714285714286
BB20018, 0.38, 0.38, 0.38
BB20019, 0.333333333333, 0.333333333333, 0.333333333333
BB20020, 0.0, 0.0, 0.0
BB20021, 0.2, 0.2, 0.2
BB20022, 0.127272727273, 0.127272727273, 0.127272727273
BB20023, 0.25, 0.25, 0.25
BB20024, 0.518518518519, 0.518518518519, 0.518518518519
BB20025, 0.141025641026, 0.141025641026, 0.141025641026
BB20026, 0.448275862069, 0.448275862069, 0.448275862069
BB20027, 0.307692307692, 0.307692307692, 0.307692307692
BB20028, 0.0392156862745, 0.0392156862745, 0.0392156862745
BB20029, 0.384615384615, 0.384615384615, 0.384615384615
BB20030, 0.590909090909, 0.590909090909, 0.590909090909
BB20031, 0.333333333333, 0.333333333333, 0.333333333333
BB20032, 0.448275862069, 0.448275862069, 0.448275862069
BB20033, 0.355555555556, 0.355555555556, 0.355555555556
BB20034, 0.482142857143, 0.482142857143, 0.482142857143
BB20035, 0.1875, 0.1875, 0.1875
BB20036, 0.352272727273, 0.352272727273, 0.352272727273
BB20037, 0.177419354839, 0.177419354839, 0.177419354839
BB20038, 0.128205128205, 0.128205128205, 0.128205128205
BB20039, 0.340909090909, 0.340909090909, 0.340909090909
BB20040, 0.202380952381, 0.202380952381, 0.202380952381
BB20041, 0.4, 0.4, 0.4
BB30001, 0.194690265487, 0.194690265487, 0.194690265487
BB30002, 0.357142857143, 0.357142857143, 0.357142857143
BB30003, 0.237410071942, 0.237410071942, 0.237410071942
BB30004, 0.0851063829787, 0.0851063829787, 0.0851063829787
BB30005, 0.181818181818, 0.181818181818, 0.181818181818
BB30006, 0.6, 0.6, 0.6
BB30007, 0.333333333333, 0.333333333333, 0.333333333333
BB30008, 0.393939393939, 0.393939393939, 0.393939393939
BB30009, 0.514285714286, 0.514285714286, 0.514285714286
BB30010, 0.063829787234, 0.063829787234, 0.063829787234
BB30011, 0.177419354839, 0.177419354839, 0.177419354839
BB30012, 0.274193548387, 0.274193548387, 0.274193548387
BB30013, 0.180722891566, 0.180722891566, 0.180722891566
BB30014, 0.341463414634, 0.341463414634, 0.341463414634
BB30015, 0.277777777778, 0.277777777778, 0.277777777778
BB30016, 0.529411764706, 0.529411764706, 0.529411764706
BB30017, 0.25, 0.25, 0.25
BB30018, 0.106666666667, 0.106666666667, 0.106666666667
BB30019, 0.548387096774, 0.548387096774, 0.548387096774
BB30020, 0.433962264151, 0.433962264151, 0.433962264151
BB30021, 0.313868613139, 0.313868613139, 0.313868613139
BB30022, 0.412698412698, 0.412698412698, 0.412698412698
BB30023, 0.351351351351, 0.351351351351, 0.351351351351
BB30024, 0.136363636364, 0.136363636364, 0.136363636364
BB30025, 0.295774647887, 0.295774647887, 0.295774647887
BB30026, 0.192307692308, 0.192307692308, 0.192307692308
BB30027, 0.411764705882, 0.411764705882, 0.411764705882
BB30028, 0.279069767442, 0.279069767442, 0.279069767442
BB30029, 0.2, 0.2, 0.2
BB30030, 0.305084745763, 0.305084745763, 0.305084745763
BB40001, 0.6, 0.6, 0.6
BB40002, 0.653846153846, 0.653846153846, 0.653846153846
BB40003, 0.111111111111, 0.111111111111, 0.111111111111
BB40004, 0.25, 0.25, 0.25
BB40005, 0.111111111111, 0.111111111111, 0.111111111111
BB40006, 0.0909090909091, 0.0909090909091, 0.0909090909091
BB40008, 0.111111111111, 0.111111111111, 0.111111111111
BB40009, 0.1875, 0.1875, 0.1875
BB40011, 0.5, 0.5, 0.5
BB40012, 0.368421052632, 0.368421052632, 0.368421052632
BB40013, 0.3125, 0.3125, 0.3125
BB40015, 0.433333333333, 0.433333333333, 0.433333333333
BB40016, 0.333333333333, 0.333333333333, 0.333333333333
BB40017, 0.333333333333, 0.333333333333, 0.333333333333
BB40020, 0.25, 0.25, 0.25
BB40021, 0.181818181818, 0.181818181818, 0.181818181818
BB40022, 0.909090909091, 0.909090909091, 0.909090909091
BB40023, 0.631578947368, 0.631578947368, 0.631578947368
BB40024, 0.258064516129, 0.258064516129, 0.258064516129
BB40025, 0.0, 0.0, 0.0
BB40026, 0.121212121212, 0.121212121212, 0.121212121212
BB40027, 0.4, 0.4, 0.4
BB40028, 0.263157894737, 0.263157894737, 0.263157894737
BB40029, 0.142857142857, 0.142857142857, 0.142857142857
BB40030, 0.206896551724, 0.206896551724, 0.206896551724
BB40031, 0.291666666667, 0.291666666667, 0.291666666667
BB40033, 0.0625, 0.0625, 0.0625
BB40034, 0.41935483871, 0.41935483871, 0.41935483871
BB40035, 0.375, 0.375, 0.375
BB40036, 0.423076923077, 0.423076923077, 0.423076923077
BB40037, 0.395348837209, 0.395348837209, 0.395348837209
BB40038, 0.2, 0.2, 0.2
BB40039, 0.290322580645, 0.290322580645, 0.290322580645
BB40040, 0.148148148148, 0.148148148148, 0.148148148148
BB40041, 0.788461538462, 0.788461538462, 0.788461538462
BB40042, 0.642857142857, 0.642857142857, 0.642857142857
BB40043, 0.142857142857, 0.142857142857, 0.142857142857
BB40044, 0.681818181818, 0.681818181818, 0.681818181818
BB40045, 0.875, 0.875, 0.875
BB40046, 0.230769230769, 0.230769230769, 0.230769230769
BB40047, 0.490196078431, 0.490196078431, 0.490196078431
BB40048, 0.0714285714286, 0.0714285714286, 0.0714285714286
BB40049, 0.28813559322, 0.28813559322, 0.28813559322
BB50001, 0.387096774194, 0.387096774194, 0.387096774194
BB50002, 0.6, 0.6, 0.6
BB50003, 0.225, 0.225, 0.225
BB50005, 0.25, 0.25, 0.25
BB50006, 0.140350877193, 0.140350877193, 0.140350877193
BB50007, 0.5, 0.5, 0.5
BB50008, 0.0869565217391, 0.0869565217391, 0.0869565217391
BB50009, 0.2, 0.2, 0.2
BB50010, 0.0, 0.0, 0.0
BB50011, 0.424242424242, 0.424242424242, 0.424242424242
BB50012, 0.347826086957, 0.347826086957, 0.347826086957
BB50013, 0.133333333333, 0.133333333333, 0.133333333333
BB50014, 0.259259259259, 0.259259259259, 0.259259259259
BB50015, 0.413793103448, 0.413793103448, 0.413793103448
BB50016, 0.133333333333, 0.133333333333, 0.133333333333
